dev_acc-p10: 0.712 +- 0
dev_acc-all-p: 0.712 +- 0
test_acc-p10: 0.6642599277978339 +- 0
test_acc-all-p: 0.6642599277978339 +- 0
