dev_acc-p0: 0.536 +- 0
dev_acc-all-p: 0.536 +- 0
test_acc-p0: 0.628158844765343 +- 0
test_acc-all-p: 0.628158844765343 +- 0
