dev_acc-p9: 0.492 +- 0
dev_acc-all-p: 0.492 +- 0
test_acc-p9: 0.5415162454873647 +- 0
test_acc-all-p: 0.5415162454873647 +- 0
