dev_acc-p26: 0.564 +- 0
dev_acc-all-p: 0.564 +- 0
test_acc-p26: 0.4981949458483754 +- 0
test_acc-all-p: 0.4981949458483754 +- 0
