dev_acc-p9: 0.624 +- 0
dev_acc-all-p: 0.624 +- 0
test_acc-p9: 0.6353790613718412 +- 0
test_acc-all-p: 0.6353790613718412 +- 0
