dev_acc-p9: 0.536 +- 0
dev_acc-all-p: 0.536 +- 0
test_acc-p9: 0.5234657039711191 +- 0
test_acc-all-p: 0.5234657039711191 +- 0
