dev_acc-p9: 0.528 +- 0
dev_acc-all-p: 0.528 +- 0
test_acc-p9: 0.5018050541516246 +- 0
test_acc-all-p: 0.5018050541516246 +- 0
