dev_acc-p26: 0.596 +- 0
dev_acc-all-p: 0.596 +- 0
test_acc-p26: 0.5090252707581228 +- 0
test_acc-all-p: 0.5090252707581228 +- 0
