dev_acc-p9: 0.52 +- 0
dev_acc-all-p: 0.52 +- 0
test_acc-p9: 0.5054151624548736 +- 0
test_acc-all-p: 0.5054151624548736 +- 0
