dev_acc-p3: 0.62 +- 0
dev_acc-all-p: 0.62 +- 0
test_acc-p3: 0.5848375451263538 +- 0
test_acc-all-p: 0.5848375451263538 +- 0
