dev_acc-p3: 0.576 +- 0
dev_acc-all-p: 0.576 +- 0
test_acc-p3: 0.5379061371841155 +- 0
test_acc-all-p: 0.5379061371841155 +- 0
