dev_acc-p9: 0.56 +- 0
dev_acc-all-p: 0.56 +- 0
test_acc-p9: 0.5703971119133574 +- 0
test_acc-all-p: 0.5703971119133574 +- 0
