dev_acc-p2: 0.568 +- 0
dev_acc-all-p: 0.568 +- 0
test_acc-p2: 0.5848375451263538 +- 0
test_acc-all-p: 0.5848375451263538 +- 0
